0.688394
0.643523
0.688204
0.643738
0.688018
0.643948
0.687837
0.644152
0.687661
0.64435
0.687489
0.644543
0.687322
0.644732
0.687158
0.644916
0.686998
0.645095
0.686843
0.64527
0.68669
0.64544
0.686541
0.645607
0.686396
0.64577
0.686254
0.645929
0.686114
0.646084
0.685978
0.646237
0.685845
0.646385
0.685714
0.646531
0.685586
0.646673
0.685461
0.646813
0.685338
0.64695
0.685217
0.647084
0.685099
0.647215
0.684983
0.647343
0.68487
0.647469
0.684758
0.647593
0.684649
0.647714
0.684541
0.647834
0.684436
0.64795
0.684332
0.648065
0.68423
0.648178
0.68413
0.648288
0.684032
0.648397
0.683935
0.648504
0.68384
0.648609
0.683746
0.648712
0.683654
0.648813
0.683564
0.648913
0.683475
0.649011
0.683387
0.649107
0.683301
0.649202
0.683216
0.649296
0.683133
0.649387
0.68305
0.649478
0.682969
0.649567
0.682889
0.649655
0.68281
0.649741
0.682733
0.649826
0.682656
0.64991
0.682581
0.649992
0
0
0
0
0
0
0
0
0
0
0
0
0
0
0
0
0
0
0
0
0
0
0
0
0
0
0
0
0
0
0
0
0
0
0
0
0
0
0
0
0
0
0
0
0
0
0
0
0
0
0
0
0
0
0
0
0
0
0
0
0
0
0
0
0
0
0
0
0
0
0
0
0
0
0
0
0
0
0
0
0
0
0
0
0
0
0
0
0
0
0
0
0
0
0
0
0
0
0
0
